3 163 126 153 202
2 269 143 177 218
1 424 154 138 232
3 88 46 0 0
3 88 46 0 0
3 620 165 109 149
3 620 165 109 149
3 620 165 109 149
3 92 18 0 0
3 92 18 0 0
2 88 85 0 0
2 88 85 0 0
2 88 85 0 0
2 619 157 175 192
2 619 157 175 192
2 619 157 175 192
2 88 10 0 0
2 88 10 0 0
1 110 113 1 0
1 110 113 1 0
1 110 113 1 0
1 423 196 417 99
1 423 196 417 99
1 423 196 417 99
1 44 13 0 0
1 44 13 0 0
1 44 13 0 0
3 163 126 153 202
2 269 143 177 218
1 424 154 138 232
3 88 46 0 0
3 88 46 0 0
3 620 165 109 149
3 620 165 109 149
3 620 165 109 149
3 92 18 0 0
3 92 18 0 0
2 88 85 0 0
2 88 85 0 0
2 88 85 0 0
2 619 157 175 192
2 619 157 175 192
2 619 157 175 192
2 88 10 0 0
2 88 10 0 0
1 110 113 1 0
1 110 113 1 0
1 110 113 1 0
1 423 196 417 99
1 423 196 417 99
1 423 196 417 99
1 44 13 0 0
1 44 13 0 0
1 44 13 0 0
3 163 126 153 202
2 269 143 177 218
1 424 154 138 232
3 88 46 0 0
3 88 46 0 0
3 620 165 109 149
3 620 165 109 149
3 620 165 109 149
3 92 18 0 0
3 92 18 0 0
2 88 85 0 0
2 88 85 0 0
2 88 85 0 0
2 619 157 175 192
2 619 157 175 192
2 619 157 175 192
2 88 10 0 0
2 88 10 0 0
1 110 113 1 0
1 110 113 1 0
1 110 113 1 0
1 423 196 417 99
1 423 196 417 99
1 423 196 417 99
1 44 13 0 0
1 44 13 0 0
1 44 13 0 0
3 163 126 153 202
2 269 143 177 218
1 424 154 138 232
3 88 46 0 0
3 88 46 0 0
3 620 165 109 149
3 620 165 109 149
3 620 165 109 149
3 92 18 0 0
3 92 18 0 0
2 88 85 0 0
2 88 85 0 0
2 88 85 0 0
2 619 157 175 192
2 619 157 175 192
2 619 157 175 192
2 88 10 0 0
2 88 10 0 0
1 110 113 1 0
1 110 113 1 0
1 110 113 1 0
1 423 196 417 99
1 423 196 417 99
1 423 196 417 99
1 44 13 0 0
1 44 13 0 0
1 44 13 0 0
3 163 126 153 202
2 269 143 177 218
1 424 154 138 232
3 88 46 0 0
3 88 46 0 0
3 620 165 109 149
3 620 165 109 149
3 620 165 109 149
3 92 18 0 0
3 92 18 0 0
2 88 85 0 0
2 88 85 0 0
2 88 85 0 0
2 619 157 175 192
2 619 157 175 192
2 619 157 175 192
2 88 10 0 0
2 88 10 0 0
1 110 113 1 0
1 110 113 1 0
1 110 113 1 0
1 423 196 417 99
1 423 196 417 99
1 423 196 417 99
1 44 13 0 0
1 44 13 0 0
1 44 13 0 0
3 163 126 153 202
2 269 143 177 218
1 424 154 138 232
3 88 46 0 0
3 88 46 0 0
3 620 165 109 149
3 620 165 109 149
3 620 165 109 149
3 92 18 0 0
3 92 18 0 0
2 88 85 0 0
2 88 85 0 0
2 88 85 0 0
2 619 157 175 192
2 619 157 175 192
2 619 157 175 192
2 88 10 0 0
2 88 10 0 0
1 110 113 1 0
1 110 113 1 0
1 110 113 1 0
1 423 196 417 99
1 423 196 417 99
1 423 196 417 99
1 44 13 0 0
1 44 13 0 0
1 44 13 0 0
3 163 126 153 202
2 269 143 177 218
1 424 154 138 232
3 88 46 0 0
3 88 46 0 0
3 620 165 109 149
3 620 165 109 149
3 620 165 109 149
3 92 18 0 0
3 92 18 0 0
2 88 85 0 0
2 88 85 0 0
2 88 85 0 0
2 619 157 175 192
2 619 157 175 192
2 619 157 175 192
2 88 10 0 0
2 88 10 0 0
1 110 113 1 0
1 110 113 1 0
1 110 113 1 0
1 423 196 417 99
1 423 196 417 99
1 423 196 417 99
1 44 13 0 0
1 44 13 0 0
1 44 13 0 0
3 163 126 153 202
2 269 143 177 218
1 424 154 138 232
3 88 46 0 0
3 88 46 0 0
3 620 165 109 149
3 620 165 109 149
3 620 165 109 149
3 92 18 0 0
3 92 18 0 0
2 88 85 0 0
2 88 85 0 0
2 88 85 0 0
2 619 157 175 192
2 619 157 175 192
2 619 157 175 192
2 88 10 0 0
2 88 10 0 0
1 110 113 1 0
1 110 113 1 0
1 110 113 1 0
1 423 196 417 99
1 423 196 417 99
1 423 196 417 99
1 44 13 0 0
1 44 13 0 0
1 44 13 0 0
3 163 126 153 202
2 269 143 177 218
1 424 154 138 232
3 88 46 0 0
3 88 46 0 0
3 620 165 109 149
3 620 165 109 149
3 620 165 109 149
3 92 18 0 0
3 92 18 0 0
2 88 85 0 0
2 88 85 0 0
2 88 85 0 0
2 619 157 175 192
2 619 157 175 192
2 619 157 175 192
2 88 10 0 0
2 88 10 0 0
1 110 113 1 0
1 110 113 1 0
1 110 113 1 0
1 423 196 417 99
1 423 196 417 99
1 423 196 417 99
1 44 13 0 0
1 44 13 0 0
1 44 13 0 0
3 163 126 153 202
2 269 143 177 218
1 424 154 138 232
3 88 46 0 0
3 88 46 0 0
3 620 165 109 149
3 620 165 109 149
3 620 165 109 149
3 92 18 0 0
3 92 18 0 0
2 88 85 0 0
2 88 85 0 0
2 88 85 0 0
2 619 157 175 192
2 619 157 175 192
2 619 157 175 192
2 88 10 0 0
2 88 10 0 0
1 110 113 1 0
1 110 113 1 0
1 110 113 1 0
1 423 196 417 99
1 423 196 417 99
1 423 196 417 99
1 44 13 0 0
1 44 13 0 0
1 44 13 0 0
3 163 126 153 202
2 269 143 177 218
1 424 154 138 232
3 88 46 0 0
3 88 46 0 0
3 620 165 109 149
3 620 165 109 149
3 620 165 109 149
3 92 18 0 0
3 92 18 0 0
2 88 85 0 0
2 88 85 0 0
2 88 85 0 0
2 619 157 175 192
2 619 157 175 192
2 619 157 175 192
2 88 10 0 0
2 88 10 0 0
1 110 113 1 0
1 110 113 1 0
1 110 113 1 0
1 423 196 417 99
1 423 196 417 99
1 423 196 417 99
1 44 13 0 0
1 44 13 0 0
1 44 13 0 0
3 163 126 153 202
2 269 143 177 218
1 424 154 138 232
3 88 46 0 0
3 88 46 0 0
3 620 165 109 149
3 620 165 109 149
3 620 165 109 149
3 92 18 0 0
3 92 18 0 0
2 88 85 0 0
2 88 85 0 0
2 88 85 0 0
2 619 157 175 192
2 619 157 175 192
2 619 157 175 192
2 88 10 0 0
2 88 10 0 0
1 110 113 1 0
1 110 113 1 0
1 110 113 1 0
1 423 196 417 99
1 423 196 417 99
1 423 196 417 99
1 44 13 0 0
1 44 13 0 0
1 44 13 0 0
